1000 1001 1002

1000 1001

909 210 444
61 591 376
98 663 874
252 84 236
898 999 216
339 342 633
384 274 470
979 68 627
511 793 212
813 782 904
728 317 165
524 340 592
900 299 758
126 113 962
363 275 516
579 94 223
564 789 678
34 718 953
13 751 884
225 15 259
481 800 894
647 567 591
591 420 738
349 611 138
663 928 788
179 319 777
403 775 799
433 504 504
386 923 720
622 79 750
233 662 508
128 572 142
719 781 676
810 880 337
948 23 712
736 211 667
513 784 185
664 15 90
520 665 9
241 834 153
991 686 130
852 537 403
994 417 970
23 936 535
712 896 114
424 572 225
443 750 739
629 907 38
71 762 723
80 445 31
585 591 924
716 70 945
471 760 685
441 77 588
328 325 438
795 120 729
20 93 533
112 708 353
150 467 46
874 676 980
905 411 258
181 646 739
126 22 215
163 632 714
751 352 277
542 589 265
271 243 696
156 407 460
509 476 943
908 735 211
240 397 65
498 148 986
590 906 731
805 396 917
520 244 783
149 37 445
414 37 127
110 303 273
570 432 569
866 184 92
429 695 519
846 246 480
833 908 566
916 128 816
833 296 170
616 426 65
61 637 232
540 714 554
813 362 738
735 741 182
827 525 867
698 815 50
530 948 175
97 946 105
265 440 908
787 164 212
853 15 578
85 619 407
991 69 511
82 154 480
264 989 879
131 279 477
533 554 907
60 720 606
166 172 785
426 154 933
638 395 495
568 622 245
328 448 512
839 995 163
319 135 992
551 567 872
380 533 283
639 323 790
245 64 915
383 53 828
668 25 945
163 688 148
760 374 694
273 136 322
788 406 566
780 707 942
5 854 852
288 484 174
78 235 662
346 856 280
526 199 184
823 283 8
971 104 161
17 353 504
339 564 167
906 726 85
848 116 31
52 671 969
578 418 152
592 531 718
872 544 952
408 162 702
769 697 565
282 597 348
786 235 272
306 749 328
391 13 389
775 632 738
744 929 517
248 275 995
966 417 998
270 67 825
325 606 328
890 25 496
590 153 355
214 775 473
542 215 791
283 400 513
21 432 814
539 927 60
534 739 826
884 68 352
62 197 0
390 611 577
886 972 293
593 916 315
418 786 81
561 771 621
427 539 258
241 820 790
653 834 993
831 125 466
184 546 264
536 793 656
113 152 638
407 860 835
722 665 927
803 579 950
777 616 698
35 704 986
825 116 159
170 963 217
636 999 689
252 831 551
908 484 651
547 803 345
382 251 809
309 43 186
611 581 991
662 986 37
648 875 736
159 986 619
377 78 686
418 658 289
970 717 358
973 535 833
670 408 383
831 123 737
18 139 867
9 997 385
46 204 728
134 907 593
754 918 95
792 783 850
434 676 217
792 749 779
977 550 427
361 746 385
98 604 659
317 50 242
702 169 826
782 76 921
728 735 393
823 142 283
25 509 496
242 629 34
373 995 242
801 548 930
538 22 988
549 1000 407
792 463 224
970 289 176
891 533 233
284 201 435
919 24 71
767 336 851
801 744 961
44 964 431
326 118 0
667 420 238
74 793 882
299 512 957
827 794 112
412 865 443
200 578 799
271 230 749
475 258 425
788 594 902
219 292 270
219 646 187
809 395 248
692 710 279
1 666 553
466 379 463
261 300 292
412 628 241
513 301 640
939 695 786
841 357 259
463 1000 47
650 623 614
250 689 479
529 176 524
434 619 981
249 908 638
542 376 270
783 432 26
775 437 921
914 735 36
173 135 723
573 676 571
187 912 463
18 281 708
542 651 420
875 192 744
865 175 833
136 830 435
514 102 328
787 589 414
824 271 964
899 484 517
470 313 320
285 778 652
993 926 123
765 133 492
862 12 106
695 570 504
482 107 30
162 319 821
576 944 434
541 980 972
58 430 697
378 984 793
382 197 783
506 999 648
350 987 731
456 227 950
313 152 35
695 198 908
516 791 308
303 63 256
627 73 377
677 351 784
470 248 184
253 35 701
253 976 81
985 554 155
935 599 416
323 594 486
583 747 485
891 400 25
499 347 623
877 590 951
661 597 662
197 293 230
898 812 149
979 856 876
487 685 268
903 715 355
741 956 310
579 40 569
956 260 807
932 734 722
883 826 459
897 42 449
480 72 44
629 284 625
857 213 141
477 393 332
832 21 106
494 580 771
63 131 936
222 438 330
944 851 385
403 1000 989
204 228 492
249 203 974
874 478 295
367 651 871
699 5 540
805 288 789
576 591 994
865 258 131
547 262 503
933 197 125
274 358 875
766 936 958
92 786 898
739 593 667
610 762 268
503 628 364
292 851 875
638 762 960
121 404 990
624 292 776
102 468 118
977 386 709
288 638 878
186 509 62
854 9 297
474 924 337
838 760 305
65 29 139
26 170 872
368 724 890
496 688 182
614 981 241
675 496 745
553 331 988
967 206 193
264 436 902
953 0 254
259 488 245
750 158 4
974 273 92
864 719 282
46 545 802
640 685 609
385 926 603
725 858 155
918 625 182
172 162 399
427 703 681
672 7 342
28 480 723
473 102 248
755 724 92
557 38 612
167 375 37
122 933 429
630 410 790
164 42 753
563 969 678
596 218 354
938 962 3
661 303 869
262 621 781
354 894 333
318 619 622
355 127 636
137 695 568
927 67 25
32 626 261
63 167 169
417 852 106
772 330 867
641 323 736
774 685 163
459 479 108
81 633 528
69 312 930
990 522 144
15 426 273
277 726 999
798 429 15
904 706 44
124 350 336
212 393 334
727 255 298
836 619 322
716 108 131
647 823 572
143 494 45
417 401 581
768 142 534
135 678 611
179 2 682
515 427 176
849 153 833
500 492 571
822 570 379
306 461 177
230 542 343
275 129 137
856 700 730
742 175 580
705 506 905
388 394 443
916 526 709
749 379 162
320 967 684
700 601 853
229 804 166
924 0 599
62 607 449
144 51 785
724 40 653
982 613 37
425 853 974
486 705 411
1 407 670
685 449 940
891 653 439
57 821 214
656 736 844
457 230 569
595 290 351
600 681 169
989 758 255
963 744 90
374 752 245
397 41 805
689 763 594
128 458 659
342 256 787
539 549 411
460 510 111
811 645 794
332 39 254
587 217 200
677 940 148
274 481 133
431 824 9
25 461 942
685 395 235
824 231 986
235 402 684
698 257 983
492 409 623
98 90 226
299 315 204
799 180 579
932 136 995
941 524 540
235 165 779
470 796 909
809 645 851
493 74 604
828 383 41
451 20 417
30 729 822
234 641 501
166 417 964
161 891 453
53 519 978
184 868 328
445 557 264
648 716 899
604 988 379
645 794 309
414 350 186
236 286 566
90 393 878
54 875 131
507 190 323
486 737 985
166 743 457
782 993 774
34 741 271
413 88 220
722 814 551
260 543 469
178 526 200
56 518 797
539 735 448
862 30 635
847 201 619
304 892 900
78 867 138
350 509 373
922 839 22
826 274 260
295 456 588
847 491 971
645 960 213
93 70 293
80 1 539
699 999 919
600 469 982
90 399 161
463 272 63
485 129 928
98 566 620
686 46 719
9 63 358
222 188 858
515 467 206
406 332 211
326 777 646
660 612 783
821 545 842
236 771 80
165 831 964
785 250 696
856 239 425
214 220 247
73 535 149
631 763 751
842 487 304
840 884 948
623 152 54
466 821 998
898 855 40
214 329 121
263 497 859
688 936 171
936 407 351
85 293 938
188 901 850
493 390 423
441 849 169
495 240 151
846 694 299
238 776 231
359 221 372
570 93 80
94 271 860
445 841 272
383 513 879
586 757 678
361 803 748
530 577 989
681 158 127
980 67 832
564 246 800
288 241 457
368 965 49
229 641 79
853 31 298
732 625 9
762 995 162
863 983 514
852 720 360
331 440 796
516 784 944
316 938 311
773 526 123
823 958 381
254 525 375
552 818 306
562 227 599
76 291 421
590 941 277
302 178 114
450 852 866
395 801 907
58 188 317
181 597 659
915 557 503
642 270 784
948 495 475
899 724 381
321 533 139
950 461 580
416 886 538
283 742 164
190 962 563
859 509 138
871 406 319
374 303 700
158 516 996
985 418 15
366 994 977
505 652 240
86 141 954
976 938 415
140 358 582
55 928 283
545 605 898
864 605 156
917 744 714
913 250 171
280 103 302
609 936 383
202 924 880
508 920 13
924 104 688
858 666 574
493 202 332
392 268 816
900 135 458
966 679 86
489 933 433
791 499 285
174 460 575
407 391 193
772 723 303
812 726 468
738 291 883
70 824 163
886 627 359
345 216 173
783 390 267
568 834 970
853 506 876
780 240 642
325 974 684
628 134 232
449 961 626
332 746 764
495 477 802
207 206 158
380 874 4
647 584 641
617 961 156
845 238 79
839 715 125
523 186 984
756 627 581
734 929 600
499 361 858
653 749 461
164 461 200
168 740 859
161 464 371
317 405 664
748 332 635
874 970 234
858 732 282
791 600 14
391 398 890
250 753 325
63 259 492
615 999 954
474 113 738
198 490 15
862 370 483
849 35 475
83 1 575
717 538 410
732 771 95
974 177 434
652 964 289
144 382 312
451 328 848
189 761 54
556 608 8
39 586 188
867 569 226
442 185 55
852 362 979
948 460 154
734 299 744
24 960 949
688 560 333
889 255 563
943 760 360
303 95 654
491 303 735
717 734 886
124 676 769
103 219 979
609 426 840
353 935 198
655 743 7
340 965 5
904 470 559
616 629 505
622 786 317
357 322 572
596 776 32
365 918 439
696 924 933
537 139 451
87 946 362
95 670 809
100 764 904
660 835 301
517 158 542
834 995 499
759 527 933
791 117 822
230 608 672
164 296 876
967 141 87
329 394 991
491 1000 798
395 25 222
48 258 619
590 0 374
90 367 77
375 653 146
549 458 911
221 207 213
450 835 954
889 465 791
880 61 728
679 94 29
253 192 495
224 833 147
599 26 559
28 860 113
174 940 898
85 880 199
650 129 820
605 324 122
748 132 915
828 9 455
857 790 43
352 632 574
851 219 195
762 78 191
876 18 88
774 25 559
326 707 127
498 893 937
620 48 276
887 793 997
694 841 972
89 140 523
664 382 25
859 244 203
403 68 908
843 2 699
402 254 140
882 348 538
819 749 684
447 517 10
445 127 841
769 392 728
644 833 466
669 165 967
224 250 696
133 717 552
184 753 85
324 870 117
214 81 120
250 829 363
260 503 299
453 894 325
181 632 367
647 317 621
967 338 277
15 402 481
919 225 736
357 514 224
474 851 884
946 593 640
309 223 544
961 272 570
638 570 887
6 808 578
979 921 141
608 977 189
90 47 421
178 699 329
754 969 451
639 606 823
631 126 807
175 659 244
745 285 862
985 527 479
563 240 416
56 985 720
597 167 295
18 922 228
347 427 986
150 454 691
973 522 58
132 824 385
376 254 703
590 134 379
69 782 34
837 534 650
909 173 355
205 615 239
433 372 877
771 295 506
463 667 766
521 710 553
258 76 86
314 646 308
45 916 93
80 117 286
82 296 76
437 120 884
676 359 391
905 982 400
763 282 382
881 7 496
435 887 690
873 205 122
182 490 328
627 980 371
914 39 323
990 527 833
227 675 775
618 908 841
19 752 370
753 36 772
602 277 785
292 108 111
767 282 483
95 961 287
818 368 173
141 988 497
974 813 849
102 215 458
295 491 831
18 306 438
142 750 127
927 517 394
391 325 491
874 399 568
514 546 558
687 753 891
536 138 451
737 63 630
196 580 531
379 588 186
817 165 443
297 820 345
691 135 13
535 602 129
455 199 414
365 347 841
609 571 595
60 857 802
42 491 305
574 535 178
760 407 194
556 383 489
901 881 175
914 253 87
395 461 514
810 182 628
651 784 630
598 77 722
401 661 10
58 643 30
237 400 867
783 993 705
624 627 234
151 319 299
238 777 170
752 237 759
732 143 957
715 942 864
437 77 517
448 440 392
830 997 731
49 913 627
754 7 71
988 487 134
639 572 241
162 534 509
921 718 781
879 5 652
95 944 923
612 712 253
356 536 172
439 132 578
66 574 608
490 121 789
624 29 561
217 67 85
79 798 693
860 314 369
512 765 482
436 119 395
41 20 138
566 940 930
144 487 828
753 672 66
894 813 944
455 65 984
892 979 298
938 385 842
307 606 482
789 29 437
536 95 397
674 179 500
956 503 317
784 74 625
202 451 909
147 823 410
483 105 991
781 706 784
976 249 89
810 750 535
247 919 22
996 982 75
496 380 624
814 68 279
439 167 828
348 397 184
110 134 433
101 866 620
237 907 466
679 712 453
214 401 976
236 684 173
663 501 678
639 338 967
918 558 811
98 973 801
635 647 275
420 251 883
393 168 466
859 696 860
665 553 853
641 835 490
167 720 976
845 402 276
165 645 15
976 901 806
777 681 356
53 90 711
936 526 303
754 927 575
966 40 60
819 166 486
662 596 222
638 89 950
915 23 949
282 256 398
89 184 482
797 633 338
860 777 236
163 523 697
738 272 823
151 117 590
637 50 877
211 953 9
162 162 658
463 237 931
861 529 333
343 685 789
681 956 532
269 199 382
318 494 847
141 701 835
732 35 485
961 527 125
970 959 681
980 975 871
911 165 150
596 902 578
385 274 218
270 808 669
652 811 563
851 321 256
686 197 290
523 34 184
649 612 591
330 643 462
553 2 545
703 947 972
633 106 432
851 570 513
872 550 913
436 7 455
44 752 728
335 831 315
871 579 223
462 778 112
276 425 263
822 979 11
146 193 145
578 334 900
91 291 956
357 557 216
812 522 514
892 222 335
832 557 806
983 520 958
85 284 664
571 8 424
3 448 170
232 64 766
30 334 939
69 205 900
806 103 906
984 789 598
992 291 514
579 568 892
325 63 898
806 281 79
645 791 53
678 360 958
736 866 306
83 18 363
679 618 880
486 22 641
515 519 314
729 25 122
690 449 177
466 937 447
174 97 942
265 704 809
726 343 651
956 803 73
579 12 995
146 821 931
952 907 216
896 332 361
582 860 972
784 770 713
454 71 713
906 213 789
750 754 60
17 530 169
468 496 314
597 499 103
77 328 136
210 274 279
266 396 423
949 9 523
684 144 954
186 81 121
754 435 687
502 562 310
514 988 648
159 567 285
614 323 568
81 27 106
602 199 726
555 286 957
787 970 543
161 345 482
564 865 879
790 121 89
105 412 185
780 2 162
269 459 951
214 686 473
511 763 736
121 292 418
519 45 880
779 91 539
875 391 832
558 697 171
844 790 430
892 406 218
296 551 991
517 298 237
72 669 532
609 56 3
76 472 172
466 806 993
346 137 941
468 903 54
25 152 642
531 129 706
525 893 179
621 762 981
900 18 922
965 102 376
750 553 5
352 83 999
313 38 194
197 535 821
484 934 970
279 899 177
432 178 310
142 486 968
2 252 976
525 986 71
209 229 374
886 778 767
22 974 437
874 702 217
308 163 333
859 643 865
106 544 29
39 416 170
482 49 876
889 621 328
557 424 881
563 437 411
374 960 559
24 380 619
674 93 997
37 506 686
645 746 394
711 197 652
547 623 442
362 291 37
811 546 815
332 191 133
969 806 637
343 933 227
342 344 724
451 229 746
329 231 175
717 529 320
448 352 151
834 702 996
469 813 278
184 916 20
935 277 44
51 620 733
100 149 360
387 776 257
152 634 643
811 775 194
782 104 432
168 675 234
928 103 280
928 563 802
420 488 211
779 331 68
720 725 991
916 507 329
403 678 770
828 488 411
590 375 905
237 961 694
130 279 519
462 132 197
874 951 859
24 791 496
947 584 687
602 421 509
512 277 707
626 893 810
731 30 137
894 46 840
328 641 619
814 623 754
604 656 615
252 508 896
502 52 34
141 185 389
559 681 571
216 920 574
994 673 240
292 540 707
661 446 504
26 990 263
7 731 139
23 652 991
232 335 591
665 251 578
615 909 634
106 728 880
37 197 79
308 185 785
845 905 396
468 378 78
640 488 734
926 181 222
37 742 687
233 258 520
493 138 583
950 418 231
299 977 978
583 348 609
73 328 316
410 556 71
787 399 979
806 514 8
720 153 406
411 623 505
20 345 101
108 764 709
269 286 312
808 334 446
704 700 170
310 319 340
271 437 220
976 275 596
446 231 165
915 640 518
737 4 234
527 727 298
82 785 590
439 870 191
597 673 589
708 336 828
932 746 340
907 133 561
939 682 715
66 623 487
521 216 103
177 599 794
985 936 144
552 200 834
842 742 419
237 632 623
529 173 813
123 512 672
897 414 560
877 779 884
855 974 148
162 344 805
596 653 270
116 933 150
531 8 244
232 836 426
532 731 38
79 877 298
161 549 156
292 472 129
698 285 440
805 245 970
521 571 369
618 46 581
845 541 147
488 471 306
636 173 237
840 393 632
696 7 406
832 699 272
625 836 719
285 378 202
681 928 516
486 416 156
563 792 605
133 300 986
123 561 276
682 251 583
2 378 284
292 608 291
498 463 137
783 664 322
310 59 2
746 543 449
516 299 811
532 82 334
25 729 499
219 967 288
192 417 57
486 378 257
393 319 74
920 271 948
252 226 497
292 501 442
275 394 717
736 686 469
853 353 4
261 315 911
492 713 471
239 550 793
25 527 502
475 972 317
873 258 442
589 63 95
800 549 434
379 251 62
839 724 671
994 273 185
833 644 538
50 720 14
939 347 610
995 242 110
692 561 540
29 615 200
753 439 241
378 333 124
818 633 535
95 63 324
742 84 780
329 367 312
34 32 177
559 148 153
203 237 836
219 766 75
900 740 312
900 47 618
573 374 109
154 70 494
905 200 332
315 967 799
625 171 336
239 89 148
633 437 553
678 218 993
963 2 267
668 326 458
481 199 332
622 584 561
393 6 681
7 857 878
827 599 872
478 579 919
957 39 483
644 286 103
569 681 331
484 660 410
459 49 463
690 737 81
583 529 885
880 3 711
290 783 518
157 897 187
420 987 224
902 542 465
511 74 984
839 70 798
783 830 173
607 724 570
465 318 835
954 64 300
696 931 118
698 578 975
198 97 373
832 418 511
965 265 440
250 881 426
666 843 576
382 350 926
711 480 38
354 238 945
700 735 876
575 58 705
147 791 350
372 714 294
583 114 993
349 674 426
154 542 355
838 21 595
399 850 228
801 44 138
924 612 390
57 587 500
429 103 9
78 402 141
287 22 65
878 281 413
376 753 983
948 760 300
196 771 286
589 356 776
459 329 71
811 364 992
722 38 515
11 944 365
199 748 405
322 464 76
247 719 156
22 351 868
27 712 843
665 774 471
286 774 346
283 446 400
611 596 986
35 760 454
1000 396 803
86 619 673
644 593 844
828 861 671
165 696 454
55 439 420
299 882 708
509 141 60
744 43 328
811 693 819
409 487 729
896 197 772
767 358 713
781 466 537
573 27 247
651 812 778
984 173 962
720 937 815
670 715 385
556 293 186
78 616 935
127 668 39
334 420 925
326 830 749
126 499 84
452 889 773
968 260 286
960 390 323
400 975 636
902 101 212
189 532 856
263 660 373
899 850 787
740 186 591
304 36 808
68 336 245
777 521 322
728 473 746
122 79 281
11 383 257
588 316 491
260 872 66
232 993 104
652 783 968
990 962 547
437 48 87
718 857 366
123 303 700
755 324 607
591 379 120
569 15 778
457 341 516
691 22 725
604 480 978
905 541 729
718 704 61
496 349 397
587 484 374
951 751 668
677 870 563
358 433 624
182 976 411
104 407 945
330 71 365
982 407 262
671 690 797
847 762 214
977 382 837
788 533 114
402 36 624
522 24 680
734 559 420
990 762 264
209 370 667
356 661 950
798 847 12
973 723 588
908 143 396
105 160 489
630 94 474
764 72 822
74 617 961
399 305 111
739 160 646
387 169 895
248 111 941
110 943 844
88 504 353
460 534 491
174 275 630
600 850 980
94 181 519
148 500 658
939 960 343
413 628 290
934 661 763
481 745 263
973 388 651
695 719 470
124 775 481
975 834 13
457 171 394
685 93 396
959 361 988
176 89 485
74 687 892
762 997 869
209 996 653
705 318 344
354 379 432
96 19 390
766 57 393
55 108 754
746 972 938
884 57 237
548 285 548
677 256 868
691 166 688
367 519 362
477 87 733
264 653 784
639 811 495
695 740 386
270 434 114
304 359 728
900 380 165
989 412 541
53 945 471
757 857 958
483 374 473
667 17 849
281 366 450
856 590 966
693 783 851
131 49 92
38 737 526
798 20 694
861 644 169
817 601 605
681 207 697
186 591 231
431 516 595
180 38 184
180 762 807
175 654 402
49 775 504
731 152 716
898 793 906
238 858 411
121 868 945
714 910 944
278 126 842
834 839 486
695 274 966
131 870 45
519 728 154
375 228 754
689 531 443
584 324 340
438 717 754
113 576 512
586 172 463
829 620 56
385 251 962
640 598 32
32 707 710
983 60 170
287 427 164
499 448 508
743 725 159
770 957 872
77 240 172
476 585 8
766 26 916
197 328 54
565 889 825
989 480 437
818 2 254
21 247 534
528 818 42
78 579 721
456 695 869
629 784 976
51 683 585
107 412 309
309 841 195
485 440 99
9 440 425
952 863 320
204 285 124
206 170 592
451 93 587
833 226 574
562 188 607
713 978 706
234 442 197
850 783 144
922 565 68
426 455 133
864 408 496
975 894 372
220 360 929
368 556 44
893 302 372
249 881 831
636 363 177
998 387 237
941 430 798
354 494 116
569 319 76
805 723 72
137 26 827
405 181 561
235 208 251
989 791 834
153 337 971
348 691 506
437 35 890
739 813 901
586 375 858
802 261 887
974 133 580
241 85 875
748 89 348
745 588 605
635 47 704
652 660 196
957 204 223
539 247 855
827 241 224
993 342 531
390 695 148
861 899 358
843 14 203
537 92 57
884 504 455
899 865 573
580 307 650
868 262 835
805 969 596
961 745 658
520 59 445
930 940 784
666 57 236
583 624 404
48 172 122
527 41 66
437 921 741
524 591 39
217 612 565
102 103 176
673 327 113
590 910 252
96 934 523
938 490 924
550 914 410
256 996 687
19 142 303
867 814 480
955 1001 427
182 945 14
542 733 478
112 312 614
375 328 484
243 541 589
562 40 41
214 331 295
481 771 926
560 664 934
699 18 860
12 806 595
842 766 502
14 959 26
151 69 601
298 904 462
968 81 366
278 270 787
67 765 792
151 229 122
363 510 817
921 709 497
616 183 987
121 755 104
27 837 101
119 602 501
25 539 932
295 308 453
875 904 454
785 466 888
580 302 938
907 921 679
637 500 831
312 282 518
45 70 708
591 193 884
884 938 987
793 595 59
224 737 747
39 640 329
416 206 740
434 454 191
796 188 277
653 920 205
400 605 649
497 808 914
933 682 110
364 802 955
762 692 941
190 862 859
803 540 833
341 730 680
36 391 248
885 202 876
318 169 22
743 876 786
279 413 670
641 321 606
815 909 752
674 823 858
2 274 516
453 821 664
550 873 982
311 930 300
358 527 841
737 228 961
108 225 544
976 200 929
512 1 177
941 111 738
993 917 590
81 620 177
643 423 338
161 768 54
981 317 532
810 425 420
836 896 633
681 904 281
18 502 673
992 876 452
99 137 127
525 321 235
919 901 456
697 519 686
745 619 858
379 876 993
33 402 525
987 866 181
569 585 215
215 964 380
670 72 237
243 189 304
390 624 245
729 502 394
501 498 51
134 886 409
676 892 77
233 487 951
855 873 313
669 797 339
308 369 119
145 1000 596
570 559 595
226 217 805
273 741 985
73 939 315
744 982 919
502 16 726
646 696 369
576 264 226
974 343 397
939 818 362
995 6 707
752 557 890
597 732 949
274 403 742
162 940 262
985 994 387
417 175 297
720 72 561
797 391 207
629 458 175
148 208 123
125 10 944
600 368 737
70 776 904
363 866 504
842 272 318
50 993 298
224 133 404
30 747 679
779 693 244
614 223 46
175 899 680
620 679 304
600 50 903
569 206 143
892 365 943
138 48 382
266 701 829
231 584 215
317 787 584
842 126 4
800 611 477
633 794 950
940 152 20
683 90 783
25 293 500
642 499 262
260 882 16
979 514 674
905 787 795
47 650 260
244 565 487
240 34 125
15 174 911
330 11 749
858 651 497
820 617 472
267 647 324
113 366 810
79 777 905
563 314 261
940 203 220
313 341 519
684 899 109
341 177 247
545 881 722
495 622 183
20 946 660
768 56 335
279 32 774
560 660 914
453 61 759
446 598 138
173 57 1
884 342 368
329 286 23
154 931 170
73 518 70
964 183 37
495 935 799
953 809 153
383 948 359
30 915 903
134 746 262
781 614 700
920 23 262
788 626 797
206 783 481
442 393 287
297 315 24
160 326 303
977 992 33
374 260 139
286 219 139
467 768 495
259 573 454
205 769 90
492 470 588
828 367 959
291 771 186
852 458 748
758 583 911
154 205 81
796 670 100
236 286 322
359 890 763
803 16 151
792 600 655
19 648 346
830 342 613
408 365 607
706 778 483
107 16 598
333 999 857
518 465 225
441 30 403
404 211 301
503 632 422
635 822 894
241 170 708
309 997 890
308 115 390
286 25 594
236 481 641
824 699 726
516 191 640
572 787 893
887 998 223
643 38 219
668 24 192
253 979 679
249 850 430
104 219 356
973 789 241
339 224 834
130 560 513
324 937 339
484 864 813
20 940 944
645 559 724
566 810 120
501 55 442
848 74 469
402 121 857
808 193 461
272 755 508
236 581 751
795 884 493
69 786 804
765 616 633
741 36 337
688 792 158
914 246 486
395 174 915
57 55 86
724 588 429
601 454 584
641 442 444
38 53 232
819 568 521
649 7 149
472 607 853
918 704 359
399 773 727
960 93 550
247 639 310
392 472 521
789 771 577
540 396 588
357 780 850
574 988 87
756 318 124
95 831 51
748 849 40
187 481 950
219 426 241
808 933 773
878 577 299
915 992 311
297 705 965
480 587 247
203 914 142
537 729 511
703 24 840
786 976 45
153 634 916
910 335 529
656 279 820
341 908 586
385 17 707
225 926 56
893 383 135
548 998 796
419 964 400
976 306 378
488 615 633
202 778 770
892 507 368
654 827 298
30 878 854
757 439 180
408 991 421
429 101 349
224 350 367
233 329 220
21 774 505
500 601 167
786 997 981
826 282 596
534 195 325
518 439 484
948 346 969
715 830 626
668 363 614
888 718 477
471 867 614
261 444 587
859 531 631
608 406 565
159 723 328
279 753 627
502 913 224
100 76 604
932 751 213
795 134 803
976 40 753
31 578 399
784 521 512
505 377 460
539 719 541
225 423 610
11 928 551
685 221 138
674 899 15
514 562 607
507 286 134
986 846 100
139 585 321
754 502 482
34 623 179
206 891 738
95 488 995
341 763 270
657 542 837
400 683 15
460 902 281
306 555 249
271 342 507
523 538 37
359 41 756
939 575 641
923 141 319
121 147 70
707 415 147
229 949 762
556 626 424
970 235 886
884 100 250
700 996 324
995 788 625
616 943 342
171 135 790
289 40 519
417 879 669
847 546 958
472 844 994
